1 4 -18.2158 24.7777 -4.8848 27.5925
4 7 -4.8848 27.5925 -1.982 17.8744
1 7 -18.2158 24.7777 -1.982 17.8744
31 7 -14.836 11.0247 -1.982 17.8744
7 8 -1.982 17.8744 7.041 10.2438
31 8 -14.836 11.0247 7.041 10.2438
7 6 -1.982 17.8744 7.7654 22.6084
6 9 7.7654 22.6084 -2.9642 7.8297
8 9 7.041 10.2438 -2.9642 7.8297
26 8 2.0656 21.5684 7.041 10.2438
2 8 -23.205 4.5546 7.041 10.2438
26 2 2.0656 21.5684 -23.205 4.5546
2 9 -23.205 4.5546 -2.9642 7.8297
9 13 -2.9642 7.8297 -16.1074 0.6543
13 27 -16.1074 0.6543 -28.2647 -11.3251
27 18 -28.2647 -11.3251 -11.8476 -14.0674
18 11 -11.8476 -14.0674 -9.073 -6.0763
12 11 -13.0231 -1.6448 -9.073 -6.0763
9 12 -2.9642 7.8297 -13.0231 -1.6448
9 14 -2.9642 7.8297 -6.1448 2.7216
14 16 -6.1448 2.7216 -5.1759 -2.3254
14 11 -6.1448 2.7216 -9.073 -6.0763
11 16 -9.073 -6.0763 -5.1759 -2.3254
11 15 -9.073 -6.0763 -1.2274 -4.2657
11 19 -9.073 -6.0763 -5.1535 -14.6646
19 24 -5.1535 -14.6646 -0.9476 -16.1193
24 3 -0.9476 -16.1193 -22.5623 -19.6326
3 32 -22.5623 -19.6326 -19.0977 -43.3909
3 5 -22.5623 -19.6326 -9.336 19.5185
5 25 -9.336 19.5185 2.6917 -13.9571
24 25 -0.9476 -16.1193 2.6917 -13.9571
25 28 2.6917 -13.9571 -0.1204 -19.8216
24 23 -0.9476 -16.1193 11.5649 -12.0953
23 25 11.5649 -12.0953 2.6917 -13.9571
19 23 -5.1535 -14.6646 11.5649 -12.0953
15 16 -1.2274 -4.2657 -5.1759 -2.3254
16 10 -5.1759 -2.3254 5.1121 6.6869
10 17 5.1121 6.6869 1.7194 -4.305
15 17 -1.2274 -4.2657 1.7194 -4.305
15 30 -1.2274 -4.2657 28.7482 -3.4227
30 21 28.7482 -3.4227 16.2715 6.3125
21 22 16.2715 6.3125 9.0783 -5.017
20 22 19.9616 15.909 9.0783 -5.017
22 6 9.0783 -5.017 7.7654 22.6084
20 29 19.9616 15.909 29.612 12.6961
22 29 9.0783 -5.017 29.612 12.6961
