7 4 3 10
0.538461538 0.307692308 0.230769231 0.177514793
1.076923077 0.615384615 0.461538462 0.355029586
1.615384615 0.923076923 0.692307692 0.532544378
2.153846154 1.230769231 0.923076923 0.710059172
2.692307692 1.538461538 1.153846154 0.887573965
3.230769231 1.846153846 1.384615385 1.065088758
3.769230769 2.153846154 1.615384615 1.24260355
4.307692308 2.461538462 1.846153846 1.420118343
4.846153846 2.769230769 2.076923077 1.597633136
5.384615385 3.076923077 2.307692308 1.775147929
5.923076923 3.384615385 2.538461538 1.952662722
6.461538462 3.692307692 2.769230769 2.130177515
7 4 3 2.307692308
7.538461538 4.307692308 3.230769231 2.485207101
8.076923077 4.615384615 3.461538462 2.662721894
8.615384615 4.923076923 3.692307692 2.840236686
9.153846154 5.230769231 3.923076923 3.017751479
9.692307692 5.538461538 4.153846154 3.195266272
10.23076923 5.846153846 4.384615385 3.372781065
10.76923077 6.153846154 4.615384615 3.550295858
11.30769231 6.461538462 4.846153846 3.727810651
11.84615385 6.769230769 5.076923077 3.905325444
12.38461538 7.076923077 5.307692308 4.082840237
12.92307692 7.384615385 5.538461538 4.260355029
13.46153846 7.692307692 5.769230769 4.437869822
14 8 6 4.615384615
14.53846154 8.307692308 6.230769231 4.792899408
15.07692308 8.615384615 6.461538462 4.970414202
